$ANSIBLE_VAULT;1.1;AES256
66366638346530613562306534366462383861323237396538303563656533323835343734343535
3631343834373931646461613161373061393866333964320a336161353738373231323266313532
36373164656232653339353865623765613833383062646661623162343037383064356465333765
3438376665646630300a306563666630376535353865383135643863393536616666383535666361
30656130396531343739656532393162643737376435616436303134376639653035383139633136
66616337663961383764643336653064343835626439306265323734636338323662303834376561
33616432643866616265643965356137343730636435376133663231376438306135393137326536
32633563363537303239636666346537613761383430656436383862346132303538646633346333
30646565656331323464663135393937323134326331636464326466616262316430376333616137
35323631303665343633656534356661613165616237376430656430616336313238653537343331
39653964336432323031326662623537323164333665393461313563633132383039353831633137
36303634376538386665336665306430323664636635313131393065323639396432306630366331
64313636303938643833333938663865623364633364356138343861666330393633323463313738
38623161393862356438323931346532633232353738646461626635636335623764313261353539
35613164396236363330353439333238396163623337393762386561333162373732383239353238
31646266373563343939653632343131656465326433326662363964313630626237366161363639
39396639353132306632336530363733326238666333646533663238336461626133613131396635
62646334313439613933336433633338636234313264346336343962623933373736343739313064
37306462353637366139316537383166623832393865303165373237656466633239653066643034
31366431316164373633666365366231633666383031653635653039613437383065646666343138
63616363313266303035333234646436376166383837643034623138376336373138393734613535
37333166613632396464353335363631643937303865333532663263653838383865646465326663
37373532643664353164353231393666386431653139393437636438363431613263326666636364
66343163316561326436313039336466656637666462633433346434633361373266396464663162
34653565363161616638303436616462396466656234313733376463303064303263363530306165
61633634313236326562653466383037333134313061356264643339653561356138656634363365
37356635336136613937653838373833396233633231303838353035666666373938653739343735
38353735663865343462376566303335303130636133383432653731636161353438623263643730
6563
