$ANSIBLE_VAULT;1.1;AES256
38366566346464396566356231623863346438666532313239643337336231633864616239646436
3539376236353334313662626365323361363539393065370a633439303338303635643136633437
64666461646133363331336237303839653633326230393965343938396538363930343866646564
3932636662666635300a646463323266333433623733343233383730363763663961663835633431
61653466623166636237306539313464393634303465356265323862346466383938386339313462
38313934396166373737336332646639323363653937623061626464383062663562343333616131
33653530356237376563396539653765316233663662623133383863386436313764633166363366
37323561323332336261636565313463393237656533643838333365663331343138646263336537
66626330366264643139363866303164346538343139353837633039613537653638336164353438
34666136353938616162663363633565323634666164346261633834383532616239353738393235
30373366303333383965316131333236613164623862346366303565636265653966383666626634
34326663313634656262646333373665386164666366323933333039633633303465643639313538
39623839343461343131313734623238336132613235396336333034653236653632383639346436
39326163646463633533353061356537323462383663636464656338663439626532353966626436
39383635386466666330666365343638613331333663343364623839396166363566623132396361
39316232303462333737313331636533373035646566353738653637333135623530366464396164
34643034383335623333343538353862643735353766633263613634613565623638316537353532
33303534306366663735363031313164663138663532376361316666383364643530656630313132
35303333363765653930356165333562353530303236383662363030653462663935626265376530
33623635346563333032
