$ANSIBLE_VAULT;1.1;AES256
34643934636333363666383163393832333835613563363931373161326566326464393439653936
6431656161656165366265396438333963613738393831330a313065363138653933623863366631
33363931383262376165303436633432343035663664386330396164333837323834653762313937
3435383330373266360a613130656136643164333263363537303664663833646630613866666532
62373938663731373334313065626234326436653261666265613935386131383136313936643030
35386236373733393835393132626631336432323733366163383163343738386331353934616534
66643332663864636462363765623564346538326339626466633034376163343132653861333137
63653431376232313737303261326365323532383333663830656638343962396539373532626166
34633033363264633837623466356538313336356461336265623130343438316237393236646334
35393861396635646639623763393666373762363135633533303535356631313931386565316464
38326632323932633636626435633332323634333434316564656333376130616564353536353735
36326365306664346431613239333236623736383062313862303732633637306662393038643062
30623138643335623736396166326662336634303064663434366436663431303964396638643730
38313134626662393966326265343039616561366431323066363163323132306263303136386636
30306137666362613939336436333865336662656530346366663361333166626339616534386161
38343062386634323764616436323738623064633838396333393965373637393263333237613335
35396361653836613462386334343639303731633666613230336435343634346465303736356137
33323834646565613938346338313563383037376461316138666638313539323266353464303463
61363134333533343533366536656634336566323933316564376635383964626136363563353062
32306336303033623930396338633632313536373632336535653961616664623436343635363232
66356438623361323034656261653865323932386462316534326531633135336262323832613731
64353832643134333064306465333937373537323738396337353136636438666565623031366564
62636137303939323464643831346165336531643836333136613361343465336438623439613731
31643062396664666261
