$ANSIBLE_VAULT;1.1;AES256
64373163643266656131323530623534616130626636633564643461313332653561663030373663
3331383965366163313936333262346139333935326437610a383933316534353130653661623964
65646361343961306461616432373130626131326261336136373133306635363066333733363466
3261326434393365330a313766366365366332623764646337306436613530393962323564666139
32386535326166636639313731373561373036356561316339646332653634356630356638623761
39656239306463393962656163633131363838353437336536653539306337393263306236313163
61383737643439353466333735653738646137353839306138656430616633303131323463613730
62376530386463353237336164336437636538333836336132396430396130646262386635383263
65323064623930623939376563656566393633306130636231653831383531376466353738633861
30373338656531313737373165623238623463626165383065376563363262336132633463663638
66396466356364613164656536393735643438633130656338356336383162383530666231663134
35313536373338346131643331386134363030316231623935633834306433313634616531613035
66363865666534353866613362623162653431366239333262643862383530393564636235393762
35323263363232663461383365356336663661303632666336643737333838353138393061346334
30656230323238616537383965396437663464626362666637383033353666616535623239633738
36393563626333363164646639383039633436666362333735393739353035343836333632323865
31333633386465643966313639386363383162663662663234623132386538336539623237613132
62613833383133343636626238656266386466643665343434643935356234313163343235633437
62653933656533656363333439306436316433643262386363393066343263336430383535366232
31373564653037343134653966356662663934646166373361326137666233326334613231363138
61336464343462623735323632376237353035643936303034323331386138646332636433353435
35646434383961363264336637343833376564643962653130346332373636336666636232383865
64323365613236363033626432616335643066616263346638326163663863646462373237306238
35633166343530366439396161633937646563376163393861636336336131376261666636633436
64656466613037613237393132383931653735653866383637366663366430366238353738656161
31623132313461353738376265393961666533656331316133346139346263613639656262313362
37396665396661316231346165653233363862376232363633633533653233386262323762623761
33303962656330633134343938646666356563316135316665393263323061626238353663336362
34383933393439313736326466313735316638613031613639613339393433333861313539376431
35303034303931303665303166393364363764393534663038346130643864623631343066623138
64616437666162323739633463353839313663623438346532396461386237393964316366643136
31626666326233373064633531653638346638613066333936376334643362343337623839356636
34656632333034353665616136393962386262623932373536316638343861353365363564313536
64336131313830356431353362303137313431343366323535376136646166623238313864613033
66343135356163636364346636336331653966653565323334323130333362656635343133393963
37326635313239336530643834353738623065376235633431313636356561316235653064643434
36306566653833636366393433313130333363616132663032623932306363373835346338666166
34333431373761356436313765616131383434326532333732373535393066626333663136306663
38376435386138613036323633613663623865326666363234373565346234323561626436303465
36626632643362333737623864356234656334363639666531303338386230376639633830633665
31633363366366653837393463333562363662616331623063326331313733623333616666653566
64613333656366306165613534386165353564653832633538306362386163356639353365346639
66323338333639663039396530393734633765313033303035346435633732623935323033656266
64623765353166366130646636653564656439353032393866656431333266363533656363333330
34386232323633306165313366336438373265633437323862623162326532336630633134323539
66623366306164396134616165343137366232313839613165613138366266643334333466386534
39383066643638333365616332613030653965346134336237366337373432643338633835643639
36613663313538313564373066353538653634666331626531623363633831333134343134326265
61623835376530643666633732393766386133323363396138393434623037373764
