$ANSIBLE_VAULT;1.1;AES256
37316336656134383132613033303633373665383764366633363137383763643638346566353233
3635646236323835353031613730643165636165366132330a346531353366323637336235623133
36633464613030346663636261363632636636326234653165666130616332363339623266613731
6634343133343931300a343635616666636364396361333239333663333032376565353432656531
66666464333061396533333331653864396633326664353339663433353166643435343531663766
61356462396262383566326138343565303766303463643530353063356538613430383132653965
62363335386465643931353939373030343433383337393739643731386437396237646439326433
35326434316366343865336563656461663566313864663639613337313164633833306338666465
38323530393234313132376632633332373161353337353137633132326234396463393631326436
37333437326265366163633430613465383035343830663035623931366339373266323366616236
31633331643531393434383835663164366436333935386162663530636536663661643361646232
66336164383838376337656561376533653966666231306237343864646136346234353361313638
33383465646536383036363633303433303430653833343164343331373265643139366463386662
33353365336130363739353665336138663763383766376530623737356235633931653464333661
61323434626337306563366433643061323539336564346162666365623339363363343639353839
35643564663731366237656432336465616439663834326561623163646564336132336532303561
61663063393363376434626235323562643837303730356236346333663036353733623631643634
62343164323363646238343865336232633663356431636630323963333031386364376134663037
62636538623266383566636333616535366634346131303236306565623765623037376637373530
34373862623536663765336263643230343165326336316465356266333935363063393334616665
31643263363535383031306162643834643839343135366464643430636537373130353764313434
33626165636361316135653337656138326439343432316536626562363231396633343435396563
37643663366563323462363231363035353264373965356631333431616430396133616430346437
65366539326563376139623639353332616462303636346335303565353566356566616535653233
31653238333663343162333934666237393832306131616637633563346630313538
